################################################
# Catch at age by area (for testing only))
##### Quarter:1
# area:1
 0 153.780 2140.635 1274.294 1020.588 343.010 109.916 37.499 32.867 5.065 3.609  # Cod        
 0 1708.048 5796.407 11283.875 6351.461 3352.490 1724.166 411.474 297.190  0  0  # Whiting    
 0 1057.270 1050.615 1736.100 13139.486 934.889 644.061 524.427 1289.120 51.426 119.098  # Haddock    
 0 0.000 0.000 673.765 5651.181 3098.709 3094.289 770.735 430.220 322.003 535.286  # Saithe     
 0 125622.398 97099.049 132593.955 137996.985 85203.702 60616.584 96774.777  0  0  0  # Herring    
 0 0.000 0.000 0.000 0.000  0  0  0  0  0  0  # N. sandeel 
 0 0.000 0.000 0.000 0.000  0  0  0  0  0  0  # S. sandeel 
 0 280499.962 42254.818 7141.606  0  0  0  0  0  0  0  # Nor. pout  
 0 85950.364 31321.062 5348.057  0  0  0  0  0  0  0  # Sprat      
 0 15548.428 43254.072 57616.523 30367.933 15181.426 8581.718 4960.310 1646.714 882.217 1278.698  # Plaice     
 0 0.000 718.185 6242.830 6160.714 2137.696 762.804 356.425 659.264 85.183 163.330  # Sole       
##### Quarter:2
# area:1
 0 552.020 2940.058 1073.499 875.178 275.770 88.547 30.389 26.636 4.105 2.924  # Cod        
 0 3556.833 5199.052 6243.770 3484.039 1839.223 939.198 223.125 161.154  0  0  # Whiting    
 0 1426.946 971.099 1638.570 12351.732 892.748 617.740 503.166 1236.857 49.341 114.269  # Haddock    
 0 0.000 0.000 1780.406 3754.817 1979.828 2001.641 495.469 278.066 208.122 345.974  # Saithe     
 0 80012.651 72142.608 99045.852 104168.449 63487.465 45166.972 72109.370  0  0  0  # Herring    
 0 6579165.914 503930.363 246231.073 920065.435  0  0  0  0  0  0  # N. sandeel 
 0 16099440.280 4085059.835 1233515.032 4833080.972  0  0  0  0  0  0  # S. sandeel 
 0 241781.964 32633.321 7007.946  0  0  0  0  0  0  0  # Nor. pout  
 0 12354.029 4879.633 833.195  0  0  0  0  0  0  0  # Sprat      
 0 11645.643 35443.029 46961.173 24599.961 12313.020 6983.511 4075.400 1352.943 724.831 1050.581  # Plaice     
 0 0.000 633.130 5307.538 5164.160 1788.829 642.044 302.228 559.019 72.230 138.495  # Sole       
##### Quarter:3
# area:1
0.000 2141.432 2317.913 661.487 548.537 146.238 47.029 16.215 14.212 2.190 1.560  # Cod        
8110.836 2231.046 3498.353 4243.435 2362.520 1252.038 636.200 151.241 109.235  0  0  # Whiting    
724.650 1540.651 752.124 1296.609 9736.171 714.770 496.695 404.705 994.824 39.686 91.909  # Haddock    
0.000 0.000 0.000 2351.107 3348.528 1707.098 1744.390 429.475 242.153 181.242 301.289  # Saithe     
734014.957 132107.659 137696.052 188506.602 199120.690 119159.668 84773.922 135342.127  0  0  0  # Herring    
0.000 0.000 0.000 0.000 0.000  0  0  0  0  0  0  # N. sandeel 
5877.312 1552309.710 167393.140 53631.728 212415.794  0  0  0  0  0  0  # S. sandeel 
13768.220 640607.216 76431.782 4851.924  0  0  0  0  0  0  0  # Nor. pout  
0.000 882908.563 382352.995 76061.473  0  0  0  0  0  0  0  # Sprat      
0.000 13552.956 30066.193 39647.326 20654.440 10349.544 5887.462 3465.418 1150.443 616.342 893.336  # Plaice     
0.000 0.000 567.667 4600.896 4418.076 1527.947 551.389 261.348 483.405 62.460 119.762  # Sole       
##### Quarter:4
# area:1
0.000 3945.482 1506.778 373.690 314.744 80.207 25.818 8.926 7.824 1.206 0.859  # Cod        
525.631 2447.521 4134.469 4206.716 2339.272 1245.305 629.888 149.964 108.313  0  0  # Whiting    
500.803 875.212 497.364 878.554 6576.074 490.098 341.760 278.539 684.690 27.314 63.256  # Haddock    
0.000 0.000 0.000 1214.381 1721.938 854.631 880.740 215.915 122.192 91.456 152.032  # Saithe     
122503.704 85313.393 101970.116 138124.494 145704.752 85163.127 60587.717 96728.692  0  0  0  # Herring    
0.000 0.000 0.000 0.000 0.000  0  0  0  0  0  0  # N. sandeel 
0.000 0.000 0.000 0.000 0.000  0  0  0  0  0  0  # S. sandeel 
115657.134 654530.782 67501.190 10574.937  0  0  0  0  0  0  0  # Nor. pout  
0.000 1433480.749 603254.357 156499.354  0  0  0  0  0  0  0  # Sprat      
0.000 32442.625 24597.839 32298.349 16743.210 8397.952 4790.048 2841.198 943.215 505.322 732.421  # Plaice     
0.000 0.000 497.556 3908.429 3707.589 1280.333 464.360 221.509 409.716 52.939 101.505  # Sole       
