################################################
# F at age
##### Quarter:1
 0  0.0013 0.0500 0.0936 0.0883 0.0978 0.0957 0.0895 0.0895 0.0895 0.0895 # Cod        
 0  0.0080 0.0393 0.0830 0.1086 0.1235 0.1321 0.1526 0.1526 0  0  # Whiting    
 0  0.0025 0.0294 0.0456 0.0495 0.0464 0.0421 0.0417 0.0417 0.0417 0.0417 # Haddock    
 0  0.0000 0.0000 0.0106 0.0938 0.1381 0.1241 0.1311 0.1250 0.1250 0.1250 # Saithe     
 0  0.0151 0.0381 0.0595 0.0753 0.0895 0.0895 0.0895 0  0  0  # Herring    
 0  0.0000 0.0000 0.0000 0.0000 0  0  0  0  0  0  # N. sandeel 
 0  0.0000 0.0000 0.0000 0.0000 0  0  0  0  0  0  # S. sandeel 
 0  0.0078 0.0169 0.0163 0  0  0  0  0  0  0  # Nor. pout  
 0  0.0028 0.0057 0.0057 0  0  0  0  0  0  0  # Sprat      
 0  0.0113 0.0545 0.0602 0.0667 0.0654 0.0619 0.0517 0.0517 0.0517 0.0517 # Plaice     
 0  0.0000 0.0227 0.0603 0.0750 0.0768 0.0707 0.0631 0.0631 0.0631 0.0631 # Sole       
##### Quarter:2
 0  0.0059 0.0800 0.0921 0.0869 0.0908 0.0889 0.0832 0.0832 0.0832 0.0832 # Cod        
 0  0.0214 0.0410 0.0537 0.0703 0.0799 0.0855 0.0988 0.0988 0  0  # Whiting    
 0  0.0052 0.0309 0.0480 0.0521 0.0488 0.0443 0.0439 0.0439 0.0439 0.0439 # Haddock    
 0  0.0000 0.0000 0.0301 0.0712 0.1048 0.0941 0.0995 0.0949 0.0949 0.0949 # Saithe     
 0  0.0125 0.0316 0.0493 0.0625 0.0742 0.0742 0.0742 0  0  0  # Herring    
 0  0.5933 0.7273 0.8487 0.8487 0  0  0  0  0  0  # N. sandeel 
 0  0.2167 0.5812 0.5633 0.5633 0  0  0  0  0  0  # S. sandeel 
 0  0.0090 0.0197 0.0254 0  0  0  0  0  0  0  # Nor. pout  
 0  0.0005 0.0011 0.0011 0  0  0  0  0  0  0  # Sprat      
 0  0.0088 0.0482 0.0532 0.0590 0.0579 0.0547 0.0458 0.0458 0.0458 0.0458 # Plaice     
 0  0.0000 0.0209 0.0557 0.0693 0.0709 0.0654 0.0583 0.0583 0.0583 0.0583 # Sole       
##### Quarter:3
 0.0000 0.0284 0.0743 0.0654 0.0617 0.0545 0.0533 0.0499 0.0499 0.0499 0.0499 # Cod        
 0.0062 0.0174 0.0321 0.0418 0.0547 0.0622 0.0665 0.0768 0.0768 0  0  # Whiting    
 0.0008 0.0086 0.0273 0.0423 0.0459 0.0430 0.0390 0.0387 0.0387 0.0387 0.0387 # Haddock    
 0.0000 0.0000 0.0000 0.0434 0.0717 0.1055 0.0948 0.1002 0.0955 0.0955 0.0955 # Saithe     
 0.0332 0.0271 0.0682 0.1066 0.1351 0.1604 0.1604 0.1604 0  0  0  # Herring    
 0.0000 0.0000 0.0000 0.0000 0.0000 0  0  0  0  0  0  # N. sandeel 
 0.0002 0.0308 0.0413 0.0400 0.0400 0  0  0  0  0  0  # S. sandeel 
 0.0007 0.0326 0.0711 0.0281 0  0  0  0  0  0  0  # Nor. pout  
 0.0000 0.0586 0.1206 0.1206 0  0  0  0  0  0  0  # Sprat      
 0.0000 0.0106 0.0439 0.0485 0.0537 0.0527 0.0499 0.0417 0.0417 0.0417 0.0417 # Plaice     
 0.0000 0.0000 0.0196 0.0523 0.0650 0.0666 0.0613 0.0547 0.0547 0.0547 0.0547 # Sole       
##### Quarter:4
 0.0000 0.0670 0.0563 0.0415 0.0391 0.0328 0.0321 0.0300 0.0300 0.0300 0.0300 # Cod        
 0.0008 0.0247 0.0440 0.0473 0.0619 0.0704 0.0752 0.0869 0.0869 0  0  # Whiting    
 0.0009 0.0074 0.0204 0.0316 0.0344 0.0322 0.0292 0.0290 0.0290 0.0290 0.0290 # Haddock    
 0.0000 0.0000 0.0000 0.0244 0.0410 0.0603 0.0542 0.0573 0.0546 0.0546 0.0546 # Saithe     
 0.0093 0.0230 0.0580 0.0907 0.1149 0.1364 0.1364 0.1364 0  0  0  # Herring    
 0.0000 0.0000 0.0000 0.0000 0.0000 0  0  0  0  0  0  # N. sandeel 
 0.0000 0.0000 0.0000 0.0000 0.0000 0  0  0  0  0  0  # S. sandeel 
 0.0078 0.0463 0.1010 0.1010 0  0  0  0  0  0  0  # Nor. pout  
 0.0000 0.1717 0.3534 0.3534 0  0  0  0  0  0  0  # Sprat      
 0.0000 0.0264 0.0384 0.0424 0.0470 0.0461 0.0436 0.0364 0.0364 0.0364 0.0364 # Plaice     
 0.0000 0.0000 0.0180 0.0479 0.0595 0.0609 0.0561 0.0500 0.0500 0.0500 0.0500 # Sole       
