49 
0.4 0.15 0.3 0.4 0.25 0.3 0.4 0.4 0.9 0.25 0.2
0.44 0.15 0.3 0.4 0.25 0.3 0.4 0.4 0.9 0.25 0.2
0.4 0.165 0.3 0.4 0.25 0.3 0.4 0.4 0.9 0.25 0.2
0.4 0.15 0.33 0.4 0.25 0.3 0.4 0.4 0.9 0.25 0.2
0.4 0.15 0.3 0.44 0.25 0.3 0.4 0.4 0.9 0.25 0.2
0.4 0.15 0.3 0.4 0.275 0.3 0.4 0.4 0.9 0.25 0.2
0.4 0.15 0.3 0.4 0.25 0.33 0.4 0.4 0.9 0.25 0.2
0.4 0.15 0.3 0.4 0.25 0.3 0.44 0.4 0.9 0.25 0.2
0.4 0.15 0.3 0.4 0.25 0.3 0.4 0.44 0.9 0.25 0.2
0.4 0.15 0.3 0.4 0.25 0.3 0.4 0.4 0.99 0.25 0.2
0.4 0.15 0.3 0.4 0.25 0.3 0.4 0.4 0.9 0.275 0.2
0.4 0.15 0.3 0.4 0.25 0.3 0.4 0.4 0.9 0.25 0.22
0.44 0.165 0.33 0.44 0.275 0.33 0.44 0.44 0.99 0.275 0.22
0.5 0.15 0.3 0.4 0.25 0.3 0.4 0.4 0.9 0.25 0.2
0.4 0.1875 0.3 0.4 0.25 0.3 0.4 0.4 0.9 0.25 0.2
0.4 0.15 0.375 0.4 0.25 0.3 0.4 0.4 0.9 0.25 0.2
0.4 0.15 0.3 0.5 0.25 0.3 0.4 0.4 0.9 0.25 0.2
0.4 0.15 0.3 0.4 0.3125 0.3 0.4 0.4 0.9 0.25 0.2
0.4 0.15 0.3 0.4 0.25 0.375 0.4 0.4 0.9 0.25 0.2
0.4 0.15 0.3 0.4 0.25 0.3 0.5 0.4 0.9 0.25 0.2
0.4 0.15 0.3 0.4 0.25 0.3 0.4 0.5 0.9 0.25 0.2
0.4 0.15 0.3 0.4 0.25 0.3 0.4 0.4 1.125 0.25 0.2
0.4 0.15 0.3 0.4 0.25 0.3 0.4 0.4 0.9 0.3125 0.2
0.4 0.15 0.3 0.4 0.25 0.3 0.4 0.4 0.9 0.25 0.25
0.5 0.1875 0.375 0.5 0.3125 0.375 0.5 0.5 1.125 0.3125 0.25
0.36 0.15 0.3 0.4 0.25 0.3 0.4 0.4 0.9 0.25 0.2
0.4 0.135 0.3 0.4 0.25 0.3 0.4 0.4 0.9 0.25 0.2
0.4 0.15 0.27 0.4 0.25 0.3 0.4 0.4 0.9 0.25 0.2
0.4 0.15 0.3 0.36 0.25 0.3 0.4 0.4 0.9 0.25 0.2
0.4 0.15 0.3 0.4 0.225 0.3 0.4 0.4 0.9 0.25 0.2
0.4 0.15 0.3 0.4 0.25 0.27 0.4 0.4 0.9 0.25 0.2
0.4 0.15 0.3 0.4 0.25 0.3 0.36 0.4 0.9 0.25 0.2
0.4 0.15 0.3 0.4 0.25 0.3 0.4 0.36 0.9 0.25 0.2
0.4 0.15 0.3 0.4 0.25 0.3 0.4 0.4 0.81 0.25 0.2
0.4 0.15 0.3 0.4 0.25 0.3 0.4 0.4 0.9 0.225 0.2
0.4 0.15 0.3 0.4 0.25 0.3 0.4 0.4 0.9 0.25 0.18
0.36 0.135 0.27 0.36 0.225 0.27 0.36 0.36 0.81 0.225 0.18
0.3 0.15 0.3 0.4 0.25 0.3 0.4 0.4 0.9 0.25 0.2
0.4 0.1125 0.3 0.4 0.25 0.3 0.4 0.4 0.9 0.25 0.2
0.4 0.15 0.225 0.4 0.25 0.3 0.4 0.4 0.9 0.25 0.2
0.4 0.15 0.3 0.3 0.25 0.3 0.4 0.4 0.9 0.25 0.2
0.4 0.15 0.3 0.4 0.1875 0.3 0.4 0.4 0.9 0.25 0.2
0.4 0.15 0.3 0.4 0.25 0.225 0.4 0.4 0.9 0.25 0.2
0.4 0.15 0.3 0.4 0.25 0.3 0.3 0.4 0.9 0.25 0.2
0.4 0.15 0.3 0.4 0.25 0.3 0.4 0.3 0.9 0.25 0.2
0.4 0.15 0.3 0.4 0.25 0.3 0.4 0.4 0.675 0.25 0.2
0.4 0.15 0.3 0.4 0.25 0.3 0.4 0.4 0.9 0.1875 0.2
0.4 0.15 0.3 0.4 0.25 0.3 0.4 0.4 0.9 0.25 0.15
0.3 0.1125 0.225 0.3 0.1875 0.225 0.3 0.3 0.675 0.1875 0.15
