################################################
# Stock numbers at age 1. January, (except for recruits)
  1174283.26 165272.37 51356.11 24875.70 8545.67 7687.66 2344.40 771.32 285.38 250.14 66.01  # Cod        
2763129.17 489849.09 86730.37 86753.32 83091.08 35289.97 16549.75 7809.50 2772.35  0  0  # Whiting    
3108312.45 419550.38 95045.28 22941.49 26476.48 182274.29 14608.49 11242.20 9236.24 22704.05 3003.27  # Haddock    
205514.51 184080.06 151742.93 125353.44 47956.06 40122.10 13396.38 15410.75 3568.87 2121.22 4226.90  # Saithe     
34383839.46 10051011.07 3219456.80 1643016.35 1418557.49 1182002.66 575220.26 1062567.67  0  0  0  # Herring    
66115970.90 22262824.33 3999696.54 273193.27 559472.81  0  0  0  0  0  0  # N. sandeel 
274514833.74 12934679.88 32003113.52 2890462.60 4956755.93  0  0  0  0  0  0  # S. sandeel 
47355617.12 12655406.31 11885047.77 517797.95  0  0  0  0  0  0  0  # Nor. pout  
104980056.43 128029517.84 6255189.22 1539062.16  0  0  0  0  0  0  0  # Sprat      
1058089.59 1006485.98 1197598.92 620222.77 736571.13 343706.88 175902.06 106191.92 75628.16 25106.89 32946.73  # Plaice     
88989.49 80388.49 45142.82 27077.53 78699.93 59682.21 20116.85 7939.09 4261.98 7883.22 2971.62  # Sole       
