################################################
# Stock recruitment residuals ##
#    Number of residuals by species
26 # Cod        
32 # Whiting    
26 # Haddock    
40 # Saithe     
40 # Herring    
40 # N. sandeel 
40 # S. sandeel 
37 # Nor. pout  
33 # Sprat      
38 # Plaice     
38 # Sole       
# residuals by species
  0.5759 -0.0658 0.1006 0.7374 0.1790 0.8468 0.3275 -0.1102 0.7048 -0.7666 -0.1689 0.5645 -0.1216 -0.0290 -0.6951 -0.2700 -0.4151 0.6992 -0.0150 -0.1289 -0.3173 0.1162 -0.5564 -0.3226 -0.4763 -0.4173  # Cod        
-0.4349 0.4378 0.2332 0.9894 0.8318 0.0034 0.7635 -0.0837 -0.0691 0.0013 0.3571 0.3001 0.1384 -0.2561 -0.5590 0.0016 0.7463 0.8692 0.3079 -0.0504 -1.2547 -1.1022 -0.7584 -0.2564 -0.2872 0.4881 0.4281 0.2320 0.1399 -0.5292 -1.2805 -0.5718  # Whiting    
-0.5971 -0.3777 0.1998 0.2179 0.7412 0.0083 1.7887 0.4073 1.1319 0.6173 -0.1053 2.2162 0.2197 -0.5986 0.9428 -0.1509 -0.6247 1.0229 -0.8682 -1.0924 -1.0002 0.8127 -1.6690 -1.9075 -0.3761 -0.6539  # Haddock    
0.8180 0.0301 -0.0550 -0.5008 0.3476 0.1631 0.1013 0.0967 0.2971 0.7452 0.1801 0.1120 -0.4107 -0.3583 0.0162 -0.1105 0.1798 -0.0128 0.9538 0.0691 0.3784 -0.5035 0.1991 -0.2250 0.6088 0.4492 0.0395 -0.2006 0.4082 -0.7158 -0.1756 -0.5155 -0.6636 0.0562 -0.7623 -0.3491 -0.6650 -0.0000 -0.0000 -0.0000  # Saithe     
-0.4552 -1.4598 -1.5976 -0.3590 -0.1697 0.1218 0.3593 0.6044 0.9225 0.5291 0.2871 0.8582 1.1172 0.7071 0.2627 -0.0231 -0.1155 -0.1129 0.3456 0.3360 0.0539 0.0845 0.4361 -0.3336 -0.5472 0.5994 -0.0379 1.0060 0.0615 -0.4422 -0.0562 -0.5527 -0.5551 -0.3757 -0.3961 -0.0547 -0.2005 -0.4269 -0.1525 -0.1309  # Herring    
-0.6277 -0.4628 0.5683 -0.0540 0.1740 0.4149 -0.7321 -0.4013 0.3570 0.2000 -0.7147 0.7827 1.1761 -0.6179 0.3976 -0.1427 0.7543 0.7842 0.4038 0.4481 0.6041 0.0631 1.6221 -0.6290 -0.1198 0.2953 0.2224 -0.2996 -1.1675 -0.6970 -0.5964 0.2879 1.3151 0.3579 0.4633 0.8173 -1.7609 -2.4544 -0.6913 -0.3402  # N. sandeel 
0.2739 -0.4055 0.0523 0.9562 0.2733 0.1921 -0.4684 1.0459 -1.1444 0.9842 0.0860 1.2895 -0.4630 -0.8955 0.4279 0.1058 0.2380 0.5444 -0.9245 0.4154 0.8343 -0.5338 1.3081 -0.7812 -0.2601 -0.0674 0.3509 0.7840 -1.7493 -0.1331 -0.2415 0.2928 0.1070 0.7347 -0.4376 1.1244 -0.8975 -0.9688 0.0482 -2.0979  # S. sandeel 
-0.0645 0.6052 0.8404 -0.4544 0.9118 0.8004 0.6613 -0.2825 -0.5703 0.4049 -1.1388 0.2457 0.2146 0.2885 0.9433 0.0088 -0.0731 1.1030 0.0276 1.0458 -0.6471 0.2366 0.6346 -0.6584 -0.4018 -0.9614 -1.6488 -0.9369 0.2519 -0.1985 -0.0558 0.5604 0.3943 -0.9705 -0.9901 0.5337 -0.6599  # Nor. pout  
-0.0753 -1.2560 -1.1398 -1.5425 -1.8541 0.5330 -0.5015 0.2868 -0.0531 -0.2752 0.3911 0.5513 1.0375 0.4414 -0.6980 -0.1246 0.2204 0.6936 0.5129 0.2150 0.1848 -0.0869 -0.2040 0.6143 -0.2020 0.0025 -0.0631 0.6936 0.4516 0.3980 0.0209 -0.2335 1.0612  # Sprat      
-0.2093 -0.4469 -0.0981 -0.2592 -0.2158 0.0372 -0.0509 0.6757 0.2928 0.2464 0.5883 0.6903 0.6523 0.2695 0.0805 -0.0253 -0.1681 -0.6946 -0.7266 -0.0974 -0.1096 0.1722 -0.1990 -0.0693 -0.4507 0.5113 -0.6283 0.0544 -0.2786 -0.4588 0.0841 0.0144 -0.0932 0.1424 0.4935 -0.0309 0.3309 0.0000  # Plaice     
-0.6795 0.1536 0.3716 -0.6324 -1.8833 0.4640 0.5203 0.5034 0.4632 -0.2087 -0.0044 0.4399 -0.3014 0.1499 0.8625 0.3467 0.0676 -0.5306 0.2401 -0.4588 0.9519 0.2211 0.0754 0.2022 -0.4573 0.7146 -0.1754 -0.7131 -0.7266 0.7690 -0.3199 -0.1030 0.0484 0.6256 0.4822 -0.9198 -0.5592 -0.0000  # Sole       
