# Number of parameters = 146 Objective function value = -2735.18  Maximum gradient component = 0.000874666
# log_rec:
 2.11124 1.63489 2.52215 2.09233 2.14236 2.59501 1.71994 2.30951 1.75553 2.27642 1.15294 2.38163 1.57282 1.23502 1.60921 0.893727 0.961523 1.47014 0.859796 1.47770 1.11364 0.781809 1.60896 -0.00889657 0.516132 1.08907 0.149864 0.252579 -0.139239 0.220747 0.0912038 0.651116 -0.0119070 -0.0193418 0.133866 0.457309 -0.158153 0.199525 0.584257 0.972140 0.264665 -0.168684 1.12730
 2.20517 2.16874 2.07877 2.60745 2.12452 2.25577 1.18223 1.19819 1.02619 1.62831 1.18766 1.94548 1.83385 1.25723 2.03985 1.09527 1.18622 1.13264 1.35687 1.32228 1.19256 0.874734 0.541063 0.940685 1.51441 1.74008 1.56491 1.42785 0.275223 0.331307 0.665945 0.630263 0.522843 1.12136 1.05527 1.06728 1.25208 0.612340 0.293756 0.995941 1.03970 0.971062 1.55607
 3.06593 0.558393 0.763929 1.29229 2.00624 2.73336 1.06833 1.56961 1.09762 2.34027 0.754281 0.981447 1.80576 -0.551513 -0.443034 -0.0556455 0.952104 0.989914 1.46153 0.436718 1.86306 0.507028 0.763774 0.118619 -0.296127 2.57795 0.913394 -1.05600 -0.784600 -0.815873 -0.968005 1.39632 -0.267789 -0.686939 -0.971837 1.10547 -1.34989 -2.19482 -1.01054 -1.40930 0.630823 -0.797322 -0.0189300
 -0.0784586 -0.672061 -0.378903 -0.572312 0.326046 0.0679614 0.0385376 -0.132628 0.0366371 0.760315 0.0983230 -0.0679909 -0.572618 -0.588619 -0.366213 -0.469139 -0.316507 -0.615425 0.482061 -0.362733 0.000146169 -0.778065 -0.200706 -0.781378 0.106842 0.104181 -0.245516 -0.465441 0.0503936 -0.899590 -0.582579 -0.924468 -0.998942 -0.427784 -0.990343 -0.382620 -0.527653 -1.04378 -0.436422 -0.368871 -0.252920 -0.242013 -0.241523
 -0.0788156 -0.0968225 -0.592526 -1.90781 -0.789454 -0.143068 0.00776906 0.185904 -1.15313 -1.56890 0.143585 -0.638893 -0.502543 -0.133145 -0.572353 -0.268657 -0.609664 -0.471526 -0.240362 -0.162153 -0.315124 -0.521632 -0.463021 -0.649101 -0.627961 -0.511462 -0.986603 -0.279105 0.0512234 -0.458603 -0.157201 0.264305 0.468086 0.307955 0.260783 0.0641358 0.410482 0.443615 -0.0556256 -0.213932 0.233004 -0.549662 -0.257486
 -0.895441 -1.72070 -2.29301 -1.81577 -2.07016 -1.18971 -0.486538 0.0841523 0.537693 0.387952 0.287343 0.900103 1.06559 0.711999 0.154508 -0.155994 -0.235658 -0.192071 0.233671 0.246979 -0.00989163 -0.0348466 0.250318 -0.307826 -0.451055 0.758619 0.245710 1.27113 0.252673 -0.335366 -0.165871 -0.507997 -0.294722 0.0302707 0.0454200 0.197928 0.0209279 -0.442119 -0.351939 0.159512 0.397105 -0.893417 0.651072
 -0.299194 0.0390364 0.509209 -0.0481386 0.255053 0.648364 -0.248715 -0.345748 0.218542 0.0672103 -0.394621 1.05703 1.45576 -0.195309 1.04210 0.333279 0.808502 0.689822 0.875276 1.06950 1.09113 0.494359 1.97088 -0.280078 0.0478567 0.545469 0.0523300 -0.158957 -1.51853 -0.730864 -1.66669 -1.13976 -0.292169 -0.402588 -0.505067 0.413578 -1.82254 -2.08581 0.0326068 0.128291 0.389459 -2.84195 1.67516
 0.941398 0.230607 0.759012 1.59182 0.924042 0.928240 0.176730 1.73537 -0.536345 1.50508 0.475220 2.03814 0.0617001 -0.0837576 1.09135 0.415551 0.996044 1.20848 -0.128394 1.14829 1.43298 0.199328 2.04675 0.161748 0.430024 0.796400 1.15961 1.38603 -0.905111 0.322272 -0.340485 0.475884 0.0600880 0.841374 -0.00327347 1.77803 -0.615596 -0.473165 0.342195 -0.146880 1.04407 -1.00063 1.15017
 1.12203 1.18229 1.24120 0.411129 1.04131 1.15320 -0.113560 1.37149 1.14775 1.09163 0.260418 -0.177878 0.414032 -1.11964 0.429425 0.296922 0.592944 1.25577 0.440565 0.233990 1.52857 0.338792 1.09236 -0.442566 0.248050 1.23348 -0.211652 -0.259093 -0.572603 -1.23484 -1.25581 0.158141 -0.260141 -0.00915064 0.818539 0.959098 -1.03010 -0.844396 0.232929 -0.911382 0.915449 0.147787 1.09943
 1.47018 2.38609 0.948820 1.40631 1.86804 1.31405 1.54019 0.545700 0.0213971 0.212359 -0.211697 -0.731515 1.20522 0.818642 1.14253 0.359192 0.967655 1.39377 1.19355 1.47926 0.721946 0.109209 0.247600 0.751088 1.19236 0.847794 0.642717 0.651151 0.687048 0.422047 1.46595 0.271186 0.368075 0.300554 1.23608 0.880079 1.24533 1.30485 0.925329 1.82307 2.00075 1.58233 2.26300
 -1.13577 -1.35090 -0.952770 -1.12000 -1.07566 -0.806528 -0.927578 -0.158578 -0.540000 -0.587176 -0.292704 0.641977 -0.142482 -0.211570 -0.558058 -0.739758 -0.898653 -1.06932 -1.45067 -1.48885 -0.987149 -0.984769 -0.0460168 -1.06930 -1.12902 -0.927296 -1.41853 -0.278315 -1.37019 -0.704033 -1.13398 -1.09001 -0.674144 -0.838818 -0.869123 -0.678107 -0.446389 -0.739138 -0.607383 -0.368187 -0.955288 -0.689520 -0.603288
 -1.60335 -0.787030 -0.566190 -1.55898 -2.80321 -0.482964 -0.411842 -0.506700 -0.460689 -1.12893 -0.932206 -0.483164 -1.23147 0.773919 -0.722571 -0.0372388 -1.04700 0.498780 -1.14844 -1.46916 -0.896750 -1.33299 0.0746220 -0.707210 -0.918761 -0.640004 -1.25551 -0.207944 -1.05147 -1.63158 -1.59721 -0.256819 -1.21090 -1.18780 -0.952973 -0.164335 -0.0640126 -1.41774 -0.724867 -0.149929 -0.576646 -1.59018 -0.881777
# log_rec_older:
 0.151134 -1.26212 -3.15708 -2.90261 -4.11378 -5.66391 -6.47759 -6.53131 -7.02470 -7.19162
 -0.0375404 -0.337335 -1.70829 -3.59304 -4.75373 -7.55969 -5.29136 -8.27707
 1.42959 -1.32622 -0.943713 -2.81485 -5.98771 -6.41551 -3.95155 -7.55196 -9.60472 -9.25094
 0.510801 -0.348575 -0.907605 -1.35461 -1.82344 -1.42491 -1.80183 -2.67026 -3.89485 -3.61506
 -0.480316 -1.38808 -0.291830 -1.54243 -1.13071 -0.415729 -1.11607 -1.81457 -2.51803 -2.64538
 -1.65578 -2.43104 -3.11427 -4.32129 -5.39743 -6.41113 -7.28535 -8.29245 -8.49219
 -0.385477 -2.59754 -3.22662 -4.80986
 -0.874433 -1.67594 -3.66907 -2.72688
 1.30099 -2.49226 -4.81781
 1.54612 -1.33118 -4.43543
 -0.793819 -0.851039 -2.69417 -3.09783 -3.27330 -3.71221 -4.49171 -4.78724 -4.86349 -3.52806
 -0.880210 -0.873082 -1.61012 -3.02120 -2.51440 -3.87149 -3.91879 -4.55844 -5.16526 -2.53943
# F_y_ini:
 1.04661 1.14492 1.12569 1.30227 1.04920 1.18408 1.20237 1.38011 1.37466 1.25457 1.24460 1.34111 1.32522 1.32284 1.36906 1.29901 1.29106 1.22105 5.00400 1.01248 1.13512 1.21951 1.09190 1.21746 1.37259 1.26936 1.21956 1.12062 1.14827 1.07568 0.964062 1.03204 5.00400 1.11236 1.13349 1.08048 0.881845 0.814500 0.712985 0.603969 0.518178 0.404475
 1.01816 1.04967 0.852708 0.730860 0.668261 0.758484 0.708022 0.533251 0.667274 0.793699 0.687194 0.793249 0.944156 0.721350 0.829547 0.738427 5.00400 0.876935 1.08352 1.01075 0.908384 0.845731 0.660894 0.568558 0.692377 0.817073 0.562348 0.441472 0.383839 0.348644 0.356239 0.474648 5.00400 0.995505 0.835800 0.869301 0.745654 0.690079 0.670891 0.653050 0.672041 0.923218
 1.18566 1.11300 1.07290 1.14351 1.10730 1.03046 0.775074 0.738173 0.936652 1.04694 5.00400 1.03228 1.16553 1.16639 1.15172 1.08826 1.16445 1.04983 1.19948 1.16871 1.01584 1.19010 0.901782 0.989921 1.30137 5.00400 0.779409 0.681492 0.372566 0.399227 0.424769 0.722573 0.678826 0.410268 0.347600 0.363460 0.475040 0.280433 0.238511 0.375936 0.455220 0.240858
 1.14268 1.25159 1.56084 0.905207 0.970578 1.14193 1.05270 1.14313 1.68685 1.39656 1.32970 1.67949 1.47527 1.66030 1.49287 1.31824 1.24694 5.00400 1.26295 0.922234 1.11415 0.993858 0.732928 0.772389 1.00445 0.707393 0.555817 0.769660 0.802265 0.572278 0.688961 0.654306 0.551285 0.853726 0.844096 0.828091 0.746168 0.698460 0.604757 0.603564 0.567369 0.494964
 1.33232 1.50565 1.16211 1.45200 1.77521 5.00400 1.02077 1.00452 0.863029 0.897455 0.808180 0.758915 0.830139 0.917339 0.784525 0.854177 1.02590 1.20486 1.36973 1.45883 1.37861 1.02615 0.991646 1.12254 1.16994 1.37352 1.55364 1.91868 1.84475 5.00400 0.722500 0.598495 0.686215 0.644490 0.598678 0.568871 0.546645 0.498691 0.518532 0.690538 0.689647 0.716357
 1.63025 0.891373 0.168536 5.00400 1.56856 3.05970 5.67625 4.12755 5.00400 1.37317 1.61965 1.41216 1.47347 1.49877 1.24040 1.20554 1.23903 1.63571 2.19339 1.98349 2.12928 0.795144 0.801562 5.00400 0.728181 0.786464 0.589726 0.560601 0.619557 0.676041 0.849772 0.682393 0.530562 0.380378 0.216273 0.277102 0.282904 0.532000 0.668395 0.682863 0.807847 0.848857
 1.64129 0.837990 1.85026 1.22485 0.460848 2.01525 1.51611 1.43715 0.569621 0.502518 0.607630 1.17820 1.19860 1.07016 1.86369 1.45713 1.05636 0.785212 0.546017 2.05006 0.960503 0.846259 0.950262 1.56401 1.36403 2.46483 1.46472 2.81898 1.46390 2.95591 5.00400 0.327513 0.831098 1.32863 0.161665 0.406728 0.568318 0.156306 0.301028 1.12210 0.759467 0.447244
 1.46410 2.87642 2.90562 3.75970 5.49044 3.79846 3.96598 6.63652 3.47729 5.20575 6.40883 2.21791 1.49641 3.84804 4.35517 5.23301 3.69659 2.99026 3.06085 2.93561 1.96456 3.94310 2.03380 3.30851 5.68624 3.38059 6.16909 3.12666 5.82405 5.96185 5.00400 0.901014 0.622828 0.728388 0.799012 0.290235 0.318196 0.0854518 0.865126 0.373881 0.355875 0.0461627
 0.777205 0.725174 0.523989 0.516126 0.532814 0.596541 0.571836 0.660774 0.514232 0.636815 0.694699 0.405256 0.469684 0.268469 0.278693 0.369783 0.423771 0.337288 0.397590 0.373137 0.174449 0.159034 0.141987 0.136700 0.176576 0.135872 0.0711793 0.148000 5.00400 0.556496 5.00400 0.907226 5.00400 0.338827 0.245141 1.09440 0.0606116 0.0909069 1.17778 0.851889 0.544269 0.682102
 2.37549 1.82604 1.83834 1.87582 2.25267 1.72952 1.98111 1.41391 2.00068 1.27631 1.36703 1.33726 0.350337 0.572635 0.265621 1.70614 1.18379 0.917854 1.71657 1.45017 1.69984 5.00400 0.914915 1.63933 1.40122 1.73560 1.91121 2.05867 2.05895 1.98389 1.47302 1.90915 1.14244 1.85292 0.973065 1.00482 1.21225 0.869903 0.557448 0.275459 1.38936 2.37777
 1.16068 0.939846 1.02161 0.938177 1.39937 1.09019 1.12478 1.22295 1.17980 1.21890 1.09229 1.34387 1.37090 1.43181 1.29134 5.00400 1.18870 1.24876 1.22368 1.22139 1.10149 1.30768 1.58148 1.34553 1.39237 1.04410 1.27303 1.23915 5.00400 0.715420 0.681226 0.645984 0.592637 0.448597 0.468389 0.400994 0.435798 0.404284 0.319459 0.303661 0.297228 0.285000
 1.01251 0.945890 0.851512 1.04897 1.03393 1.04545 1.04070 1.17287 1.10527 1.26167 1.19456 1.34183 1.08554 1.09741 0.896484 5.00400 1.10643 1.08301 1.19271 1.27171 1.16721 1.63149 1.37437 1.46096 1.31263 1.48774 1.24611 1.22132 1.20660 1.19527 1.29966 1.09812 1.09521 0.924985 1.05744 1.14922 0.965486 1.02719 0.875211 0.767913 0.619199 0.582993
# F_y_spline:












# F_q_ini[1]:
 1.00000 1.00000 1.00000
# F_q_ini[2]:
 1.00000 1.00000 1.00000
# F_q_ini[3]:
 1.00000 1.00000 1.00000
# F_q_ini[4]:
 1.00000 1.00000 1.00000
# F_q_ini[5]:
 1.00000 1.00000 1.00000
# F_q_ini[6]:
 1.00000 1.00000 1.00000
# F_q_ini[7]:
 1.00000 1.00000 1.00000
# F_q_ini[8]:
 1.00000 1.00000 1.00000
# F_q_ini[9]:
 1.00000 1.00000 1.00000
# F_q_ini[10]:
 1.00000 1.00000 1.00000
# F_q_ini[11]:
 1.00000 1.00000 1.00000
# F_q_ini[12]:
 1.00000 1.00000 1.00000
# F_q_ini[13]:
 1.00000
# F_q_ini[14]:
 1.00000
# F_q_ini[15]:
 1.00000
# F_q_ini[16]:
 1.00000 1.00000 1.00000
# F_q_ini[17]:
 1.00000 1.00000 1.00000
# F_q_ini[18]:
 1.00000 1.00000 1.00000
# F_q_ini[19]:
 1.00000 1.00000 1.00000
# F_q_ini[20]:
 1.00000 1.00000 1.00000
# F_q_ini[21]:
 1.00000 1.00000 1.00000
# F_q_ini[22]:
 1.00000 1.00000 1.00000
# F_q_ini[23]:
 1.00000 1.00000 1.00000
# F_q_ini[24]:
 1.00000 1.00000 1.00000
# F_q_ini[25]:
 1.00000
# F_q_ini[26]:
 1.00000
# F_q_ini[27]:
 1.00000
# F_q_ini[28]:
 1.00000 1.00000 1.00000
# F_q_ini[29]:
 1.00000 1.00000 1.00000
# F_q_ini[30]:
 1.00000 1.00000 1.00000
# F_q_ini[31]:
 1.00000 1.00000 1.00000
# F_q_ini[32]:
 1.00000 1.00000 1.00000
# F_q_ini[33]:
 1.00000 1.00000 1.00000
# F_q_ini[34]:
 1.00000 1.00000 1.00000
# F_q_ini[35]:
 1.00000 1.00000 1.00000
# F_q_ini[36]:
 1.00000 1.00000 1.00000
# F_q_ini[37]:
 1.00000 1.00000 1.00000
# F_q_ini[38]:
 1.00000 1.00000 1.00000
# F_q_ini[39]:
 1.00000 1.00000 1.00000
# F_q_ini[40]:
 1.00000 1.00000 1.00000
# F_q_ini[41]:
 1.00000 1.00000 1.00000
# F_q_ini[42]:
 1.00000 1.00000 1.00000
# F_q_ini[43]:
 1.00000 1.00000 1.00000
# F_q_ini[44]:
 1.00000 1.00000 1.00000
# F_q_ini[45]:
 1.00000 1.00000 1.00000
# F_q_ini[46]:
 1.00000 1.00000 1.00000
# F_q_ini[47]:
 0.744584
# F_q_ini[48]:
 0.812289
# F_q_ini[49]:
 1.55788
# F_q_ini[50]:
 0.727385
# F_q_ini[51]:
 0.202862 0.208425 0.415852
# F_q_ini[52]:
 0.0363097 0.0178693 0.0397374
# F_q_ini[53]:
 0.0840883 0.0938370 0.245647
# F_q_ini[54]:
 0.0754810 0.128410 0.327290
# F_q_ini[57]:
 3.68454
# F_q_ini[58]:
 2.72976
# F_q_ini[59]:
 4.07048
# F_q_ini[60]:
 6.71227
# F_q_ini[63]:
 3.54035
# F_q_ini[64]:
 5.06820
# F_q_ini[65]:
 3.44718
# F_q_ini[66]:
 6.84956
# F_q_ini[67]:
 0.0316821
# F_q_ini[68]:
 0.0579066
# F_q_ini[69]:
 0.0883593 0.0690361 0.198968
# F_q_ini[70]:
 0.00591713 0.0257866 0.148409
# F_q_ini[71]:
 0.0968667 0.126379 0.132331
# F_q_ini[72]:
 0.0124093 0.0289615 0.0501892
# F_q_ini[73]:
 0.0115987 0.00543586 0.221558
# F_q_ini[74]:
 0.00374697 0.00145558 0.111014
# F_q_ini[75]:
 0.0544552 0.0186042 0.141853
# F_q_ini[76]:
 0.0114268 0.00338936 0.0662197
# F_q_ini[77]:
 0.0762118 0.0259608 0.0922361
# F_q_ini[78]:
 0.0129771 0.00408854 0.0511214
# F_q_ini[79]:
 1.00000 1.00000 1.00000
# F_q_ini[80]:
 1.00000 1.00000 1.00000
# F_q_ini[81]:
 1.00000 1.00000 1.00000
# F_q_ini[82]:
 1.00000 1.00000 1.00000
# F_q_ini[83]:
 1.00000 1.00000 1.00000
# F_q_ini[84]:
 1.00000 1.00000 1.00000
# F_q_ini[85]:
 1.00000 1.00000 1.00000
# F_q_ini[86]:
 1.00000 1.00000 1.00000
# log_F_a_ini:
 -1.32084 -1.86569 -2.40966
 -0.263034 -0.306782 -0.777310
 -0.224282 -0.0329638 -0.188830
 -0.414265 -0.150594 -0.249004
 -0.510220 -0.164347 -0.143496
 -0.505214 -0.209224 -0.0769049
 -0.461867 -0.190575 -0.208280
 -0.512199 -0.172100 -0.282058
 -0.418439 -0.145407 -0.788775
 -3.16385 -3.48594 -6.90112
 -1.75274 -2.13488 -3.29295
 -0.743118 -1.13780 -1.93905
 -0.171295 -0.728624 -1.50090
 0.0368080 -0.480307 -1.15500
 0.0887051 -0.297379 -0.914972
 0.300655 -0.203660 -0.794845
 -3.14774 -3.96419 -4.53909
 -1.93844 -2.11321 -2.08268
 -0.628195 -0.540349 -0.603582
 -0.119356 -0.156991 0.0147444
 -0.139209 -0.127170 0.240866
 -0.224258 -0.210859 0.304154
 -0.254924 -0.393443 0.369665
 -0.263574 -0.264615 0.489799
 -0.869153 -1.60501
 -0.601426 -0.769951
 -0.729190 -0.507695
 -0.879797 -0.543874
 -0.969022 -0.642093
 -1.08589 -0.720524
 -3.75208 -3.40569 -3.97913
 -3.22042 -2.56608 -2.80836
 -2.70148 -2.05124 -1.83774
 -2.16490 -1.69312 -1.32831
 -2.14307 -1.54381 -0.968315
 -2.07500 -1.47325 -0.715776
 -2.03010 -1.29675 -0.449009
 -1.83527 -2.87058 -2.54663 -2.68054
 -0.978814 -1.65693 -1.39772 -2.40600
 -0.249218 -2.40515 -0.940175 -1.52732
 -0.393587 -2.48077 -0.848575 -1.06410
 -0.685021 -2.12135 -0.756243 -0.778008
 -0.672365 -2.54577 -0.732411 -0.377340
 -2.96471 -5.56654
 -2.23907 -1.72319
 -2.02512 -2.11519
 -2.03948 -1.69127
 -6.83411 -7.53058
 -3.75604 -2.15987
 -3.07554 -1.74339
 -2.86025 -1.69753
 -1.32379 -4.20394
 0.832504 -0.843024
 1.48984 0.359925
 -0.369080 0.170839
 0.710170 1.14196
 -1.50460 -2.16368 -1.26476
 -0.849404 -0.865987 -0.294749
 -0.768350 -0.694736 -0.289370
 -0.697718 -0.579452 -0.241327
 -0.705926 -0.476283 -0.289990
 -0.823046 -0.483800 -0.466092
 -1.05419 -0.774282 -1.09404
 -1.60273 -1.66701
 -0.570575 -0.822303
 -0.523865 -0.638668
 -0.719852 -0.612243
 -0.788534 -0.714287
 -1.01802 -0.826415
# qq_ini:
 0.806016 3.64371 7.01563 9.03745
 1.43687 2.52645 4.17675 4.78266
 0.0678917 0.228207 0.272736 0.224307
 0.151312 0.508916 0.575334 0.502126
 0.117269 0.325343 0.441393 0.389479 0.343270
 0.203689 0.610549
 0.179150 0.396259 0.538846
 5.90212 4.69783
 1.03859
 0.576840 0.711105 0.828785 0.745230 0.662691 0.443181
 1.13284
 0.699322 0.827364 1.09302
 16.7792 8.87131 4.64798
 0.488907
 11.3088 8.04732 8.29905
 0.957237 1.31174 1.10726
 2.57268 4.15527 5.83406
 3.55001
 3.05694 7.10243 7.51127
 14.7507 7.43126 3.45287
 0.318449 0.846484 1.04215
 0.821964 0.746422 0.926150
 1.55412 2.35126 2.89819
 0.652539 1.49053 1.91099
 0.204171 1.03503 2.24616 2.31819
 0.657001 1.91485 1.53617
 1.02237 1.46920 1.95127
 1.07137 1.55190 1.10369
 0.223943 0.944334 1.88526
 0.832752 1.82807 1.99832
 1.21761 3.64169
 2.80481 2.61417 1.22022 0.281054
 6.17566 5.73061 4.12059 2.68213
 32.5162 17.3795 5.23817 1.39297 0.319864
 14.9907 3.62981 1.41404 0.527258
 2.74391 8.15999 13.8177
 1.47024 8.36454 15.7543
 1.36899 1.44426 0.938212 0.518766
 20.3076 8.25883 3.07949
# qq_s2_ini:
 0.299752 0.0966520
 0.201670 0.128624
 0.110693 0.182475
 0.183180 0.0901297
 0.359325 0.135033 0.0725449
 0.240557
 0.172292 0.0699079 0.267928
 0.925445 0.465304
 0.0486524
 0.808100 0.364302
 0.150389
 0.193444 0.0845490 0.126303
 0.0998994 0.745995
 0.226362
 0.314895 0.349015
 0.340994
 0.711843 0.265028
 1.75070
 0.645744 0.654108
 0.199895 0.758131
 0.313815 0.189490
 0.0400000
 0.0400000
 0.194646
 0.991366 0.230843 1.55411
 0.621704 0.120267 0.490790
 0.198153 0.265900
 0.444958 0.208152
 0.323906
 0.193020 0.211127
 0.534899 0.352468 0.733447
 0.236969 0.418983 0.401883
 0.102461 0.127519 0.208947
 0.178599 0.832011 1.40272
 0.117133 0.528512 1.66544
 0.206067 0.106836 0.130675
 0.110357 0.0648883 0.168135
 0.277544 0.164857 0.365488 1.44246
 0.300287 0.349455 1.62433
# SSB_R_alfa:
 2.95563 3.71273 3.17749 2.69128 15.2415 43.3459 1377.73 1792.94 485.987 7.36038 6.06778 7.22394
# SSB_R_beta_ini:
 0.416166 0.0787240 0.372154 2.05779 3.95561 1.61051 2.55441
# catch_s2_ini[16]:
 0.363508 0.0194791 0.0540781 0.193030
# catch_s2_ini[17]:
 1.28532 0.280131 0.0472070 0.0781848
# catch_s2_ini[18]:
 0.760497 0.199122 0.0508801 0.108031 0.370923
# catch_s2_ini[19]:
 0.215297 0.0343950 0.0656670
# catch_s2_ini[20]:
 0.156478 0.171307 0.0417015
# catch_s2_ini[21]:
 1.00500 0.798504 1.82323
 1.00500 0.434877 0.641354
 0.512669 0.413615 0.383018
 0.825826 0.288099 1.19797
# catch_s2_ini[22]:
 1.00500 1.00500 1.00500
 1.00500 0.226011 1.31440
 2.00000 1.89753 1.31942
 1.00500 1.00500 1.00500
# catch_s2_ini[23]:
 1.00500 1.00500
 1.00500 0.195666
 2.00000 1.17694
 1.00500 1.00500
# catch_s2_ini[24]:
 1.00500 0.449784 0.941916
 1.00500 0.435023 1.10906
 2.00000 0.420944 1.31589
 1.36958 0.511105 1.41717
# catch_s2_ini[25]:
 1.99992 2.00000 2.00000
 2.00000 1.10651 1.99999
 0.727424 1.08096 1.57173
 0.787907 0.967508 2.00000
# catch_s2_ini[26]:
 0.152515 0.0243327 0.0569934
# catch_s2_ini[27]:
 0.172483 0.0303162
# SSB_R_s2_ini:
 0.300000 0.300000 0.300000 0.300000 0.300000 0.300000 0.300000 0.300000 0.300000 0.300000 0.300000 0.300000
# vulnera:
 2.60129 0.848060 17.4961 0.0319300 0.0314202 0.0134016 0.0686060 0.0679689 2.55203 3.46642 2.39053 3.12105 1.27378 1.77544 0.125455 0.131367 0.0735517 0.00109492 0.00144174 0.00100000 0.00847069 0.00385812 57.6256 18.2215 26.3755 0.856831 1.71567 0.710088 5.66450 15.1777 6.11467 7.98128 0.0905098 1.11795 0.485997 0.556496 0.399873 20.8227 1.57386 0.767693 0.322294 4.17005 2.59261 1.19148 0.480423 0.380645 0.0796675 3.36501 0.376849 0.151552 0.0384222 0.797254 236.175 18.4320 3.14573 0.686947 2.70120 108.056 12.5924 13.9994 0.775937 0.978226 0.637153 1.49514 0.774893 3.84460 8.31022 3.55758 0.156170 0.0724526 0.0572938 4.97931 0.487015 0.765709 0.0153556 8.77498 0.142993 12.8572 3.45134 0.341854 0.823978 0.108124 0.320329 9.56600 0.234217 1.94681 3.28463 0.900577 1.70726 0.189525 0.211786 0.0668452 0.506557 0.209734 4.35614 1.85437 2.52228 0.328226 0.227735 0.0556900 0.759062 0.350565 10.2760 4.35683 1.59579 2.94154 0.430780 0.380164 2.01551 8.52647 1.95692 1.17543 3.15174 3.58781
# init_stl_other_suit_slope:
 0.420568 -0.395475 0.0714320 -0.261031 -0.0435689
# init_pref_size_ratio[1]:
1.00000000000
# init_season_overlap:
 1.84059546686 2.57086981868 1.00405640382 1.69476218926 1.16347200145 1.93168888882 2.38651804856
# Stom_var[1]:
1.49154271309
# Stom_var[2]:
0.213773430722
# Stom_var[3]:
1.48612939541
# Stom_var[4]:
0.431177673062
# Stom_var[5]:
2.01999947594
# Stom_var[6]:
0.795631258202
# Stom_var[7]:
0.497873823783
# Stom_var[8]:
0.413118791642
# Stom_var[9]:
0.164321137496
# Stom_var[10]:
0.195427100208
# Stom_var[11]:
0.220550254590
# Stom_var[12]:
0.412066613224
# Stom_var[13]:
0.490699288271
# Stom_var[14]:
0.245903198738
# Stom_var[15]:
0.000455812762946
# Stom_var[16]:
0.474178320335
# Stom_var[17]:
0.176203992258
# Stom_var[18]:
0.200521606133
# Stom_var[19]:
0.316994487594
# Stom_var[20]:
0.185583407531
