# Number of parameters = 1797 Objective function value = -5120.38  Maximum gradient component = 0.00167139
# log_rec:
 2.65214 2.06725 3.40035 2.77780 3.18324 2.57440 2.67145 3.94385 2.96816 2.79825 2.76700 2.63286 2.30613 2.19259 2.03215 2.00480 2.18124 2.22021 1.95794 2.30829 2.33064 2.20425 2.64027 2.33419 2.44858 3.04116 2.05177 2.33395 2.72669 2.87975 2.62954 2.97062 2.60252 2.67969 2.77299 2.52351 2.34461 3.02773 3.15855 3.20857 2.87962 2.84355 2.99019
 2.46553 2.44815 2.55501 2.43193 2.64207 2.18119 2.01300 2.31311 1.70608 1.69857 1.94860 1.95387 2.11637 2.04621 2.21345 1.94812 1.90554 1.54356 1.93066 1.71706 1.57814 1.55617 0.865037 1.67287 2.16616 2.20356 2.07445 2.07701 1.47010 1.61746 1.66071 1.48148 1.48723 1.89237 1.66538 1.12253 1.80400 1.87612 1.32097 1.64376 1.68647 2.01129 2.06220
 3.21242 0.891721 1.53901 2.12657 2.43964 2.99947 2.43735 2.63113 2.01750 2.32473 1.29878 1.36557 2.14816 0.330872 -0.0115749 0.755217 1.40001 1.47315 1.77099 0.757892 2.31170 1.39288 1.18113 0.820164 0.181767 2.49514 1.25146 -0.322273 0.101973 0.292839 -0.0477326 1.86997 0.364614 -0.122234 -0.717167 1.04224 -0.967171 -1.56812 -0.557099 -0.813980 1.02168 -0.171011 0.356587
 -0.101292 -0.679353 -0.418279 -0.616629 0.212137 -0.0432808 -0.0538770 -0.168650 0.00449778 0.661632 -0.00535375 -0.153518 -0.638883 -0.612117 -0.335707 -0.407395 -0.268763 -0.571447 0.519768 -0.347020 0.0192501 -0.754158 -0.195456 -0.767489 0.123091 0.100504 -0.250252 -0.470405 0.0405365 -0.898955 -0.572898 -0.913755 -0.991179 -0.439265 -0.988192 -0.383334 -0.513998 -1.03475 -0.396910 -0.306345 -0.202580 -0.250885 -0.254882
 -0.0849646 -0.104443 -0.598072 -1.91343 -0.794873 -0.149478 -0.000959479 0.175585 -1.15913 -1.57229 0.125717 -0.646548 -0.509193 -0.139323 -0.577569 -0.275034 -0.614844 -0.473430 -0.240785 -0.159847 -0.313689 -0.519638 -0.463206 -0.648590 -0.629233 -0.513186 -0.986868 -0.278793 0.0517121 -0.454676 -0.156047 0.266018 0.466450 0.310793 0.264261 0.0695123 0.426411 0.456224 -0.0327973 -0.186350 0.251898 -0.538785 -0.256326
 -0.772173 -1.69931 -2.31995 -1.90437 -2.26845 -1.09596 0.0771690 0.517994 0.727148 0.475328 0.559225 0.994838 1.14199 0.971652 0.332109 0.264557 0.0784546 0.130543 0.441189 0.411091 0.176787 0.280325 0.385642 -0.105286 -0.290965 0.781557 0.379128 1.37539 0.532291 0.0275983 0.0737067 -0.286622 -0.0764522 0.202152 0.208125 0.248789 0.235303 0.0417969 0.0458834 0.324863 0.512039 -0.729046 0.362123
 1.00859 0.779519 0.849066 0.296742 0.714020 1.43970 0.922095 1.12509 0.991645 0.735278 0.170508 0.961038 1.25536 0.418919 1.44471 0.496403 0.872814 1.09192 1.14710 1.76928 1.82088 1.35673 2.24325 0.470519 0.660496 1.00028 1.17177 0.752020 -0.210201 0.268995 -0.357926 0.174672 0.617978 0.490409 0.357495 1.19726 -0.612280 -1.00417 0.759690 0.609867 0.970224 -1.83980 2.27596
 0.282671 -0.440222 0.0359038 0.839722 0.106950 0.121154 -0.290226 1.09950 -1.20221 0.863357 -0.223422 1.02991 -0.470457 -0.578523 0.431851 -0.254146 0.0667235 0.509133 -0.817998 0.367879 0.689019 -0.468787 1.21295 -0.321152 0.0884157 0.311276 0.732529 0.905020 -1.22734 0.148243 -0.600516 0.166738 -0.0820600 0.649900 -0.0970386 1.51668 -0.594138 -0.274119 0.274462 -0.100946 0.739061 -0.938810 0.901176
 2.06731 2.49412 2.35125 1.54026 1.82117 2.00470 1.33387 1.93840 2.00079 1.83412 1.36078 1.23390 1.53040 0.206125 1.17119 1.32999 1.21259 1.44809 0.988050 1.06273 1.96188 1.24725 1.36341 0.345931 0.968955 1.47493 0.820620 1.04347 0.668102 0.177715 0.217389 1.12193 0.843359 0.921957 1.42233 1.50563 0.497336 0.995290 1.61368 0.574235 1.75315 1.32681 1.97405
 1.62839 2.66896 1.52423 1.50308 2.36120 1.21652 0.978048 -0.0675428 -0.725030 -0.263016 0.105992 -0.677086 0.563985 -0.239681 0.627072 0.139562 0.645194 0.0406469 0.816776 1.29065 0.559713 0.0186778 -0.107886 0.361752 0.915202 0.576602 0.175085 0.405785 0.261154 0.108147 1.21637 0.0166677 0.190722 0.252400 0.922292 0.622919 0.854078 0.704781 0.0848811 1.22220 0.824652 0.761298 1.52336
 -1.13577 -1.35090 -0.952770 -1.12000 -1.07566 -0.806528 -0.927578 -0.158578 -0.540000 -0.587176 -0.292704 0.641977 -0.142482 -0.211570 -0.558058 -0.739758 -0.898653 -1.06932 -1.45067 -1.48885 -0.987149 -0.984769 -0.0460168 -1.06930 -1.12902 -0.927296 -1.41853 -0.278315 -1.37019 -0.704033 -1.13398 -1.09001 -0.674144 -0.838818 -0.869123 -0.678107 -0.446389 -0.739138 -0.607383 -0.368187 -0.955288 -0.689520 -0.603288
 -1.60335 -0.787030 -0.566190 -1.55898 -2.80321 -0.482964 -0.411842 -0.506700 -0.460689 -1.12893 -0.932206 -0.483164 -1.23147 0.773919 -0.722571 -0.0372388 -1.04700 0.498780 -1.14844 -1.46916 -0.896750 -1.33299 0.0746220 -0.707210 -0.918761 -0.640004 -1.25551 -0.207944 -1.05147 -1.63158 -1.59721 -0.256819 -1.21090 -1.18780 -0.952973 -0.164335 -0.0640126 -1.41774 -0.724867 -0.149929 -0.576646 -1.59018 -0.881777
# log_rec_older:
 0.116426 -1.32671 -3.14909 -2.90783 -4.11636 -5.66798 -6.47951 -6.53651 -7.02732 -7.19503
 0.558332 0.0295219 -1.52631 -3.49124 -4.62073 -7.50780 -5.19417 -8.24026
 1.38309 -1.40577 -0.910000 -2.84805 -6.06742 -6.44764 -3.95845 -7.55309 -9.60741 -9.25160
 0.468696 -0.352758 -0.908884 -1.36299 -1.82393 -1.45155 -1.82491 -2.69400 -3.93934 -3.66824
 -0.484211 -1.39199 -0.296187 -1.54728 -1.13590 -0.420444 -1.12109 -1.82020 -2.52404 -2.65131
 -1.84414 -2.55945 -3.25831 -4.45729 -5.52042 -6.53582 -7.41576 -8.43218 -8.63620
 0.373287 -2.27229 -2.94287 -4.43255
 -1.03195 -1.73340 -3.62993 -2.66395
 1.46162 -2.55902 -4.94073
 1.68183 -1.13337 -4.23555
 -0.793819 -0.851039 -2.69417 -3.09783 -3.27330 -3.71221 -4.49171 -4.78724 -4.86349 -3.52806
 -0.880210 -0.873082 -1.61012 -3.02120 -2.51440 -3.87149 -3.91879 -4.55844 -5.16526 -2.53943
# F_y_ini:
 1.04505 1.13571 1.11841 1.29201 1.04720 1.21135 1.20070 1.30317 1.31180 1.22254 1.23363 1.34940 1.33563 1.31392 1.36083 1.27024 1.27112 1.21991 5.00408 1.01711 1.13825 1.20612 1.08308 1.18787 1.35239 1.26596 1.21410 1.10404 1.12367 1.03130 0.919665 0.992831 5.00408 1.11068 1.15404 1.10898 0.899392 0.833310 0.734302 0.613802 0.515753 0.396841
 1.00182 1.05722 0.857440 0.778374 0.763935 0.850163 0.761629 0.578979 0.745307 0.889031 0.753529 0.959287 1.08246 0.838984 0.913680 0.841030 5.00408 0.913891 1.14338 1.05420 0.922731 0.851636 0.691124 0.582189 0.758709 0.904401 0.590320 0.462827 0.423421 0.359147 0.374406 0.514021 5.00408 1.02747 0.926788 0.991917 0.860844 0.752282 0.723646 0.679677 0.623550 0.804142
 1.18738 1.10000 1.03653 1.10932 1.12930 1.04917 0.746462 0.697003 0.923527 1.07395 5.00408 1.04447 1.18449 1.19317 1.15367 1.09499 1.17878 1.04864 1.20683 1.14665 1.01192 1.14146 0.864652 0.950639 1.27880 5.00408 0.755975 0.609930 0.326179 0.354547 0.393099 0.681924 0.641706 0.382741 0.335483 0.358083 0.469599 0.281657 0.244849 0.387432 0.458654 0.236590
 1.15781 1.26206 1.56556 0.927407 0.977884 1.15107 1.04971 1.09064 1.56062 1.31219 1.28768 1.64218 1.41672 1.58232 1.41453 1.26000 1.21029 5.00408 1.30558 0.946573 1.14667 0.998527 0.737622 0.781061 1.02497 0.709848 0.562792 0.779082 0.824775 0.589840 0.695419 0.671216 0.556134 0.856354 0.849799 0.848675 0.762287 0.700310 0.609597 0.603477 0.567719 0.495406
 1.33303 1.50697 1.16458 1.45645 1.78174 5.00408 1.02082 1.00534 0.865456 0.901118 0.812906 0.762513 0.831442 0.915771 0.784629 0.854583 1.02535 1.19961 1.36149 1.44901 1.37029 1.02093 0.985473 1.11439 1.16169 1.36529 1.54254 1.90213 1.82713 5.00408 0.723074 0.598807 0.687205 0.645565 0.599248 0.568906 0.545055 0.496011 0.514595 0.684122 0.680911 0.701518
 1.74504 1.07609 0.217684 5.00408 1.43253 2.42212 4.77356 3.24446 5.00408 1.38432 1.63247 1.42555 1.39253 1.39558 1.13635 1.08221 1.18664 1.57451 2.09635 1.92858 2.05596 0.821515 0.830154 5.00408 0.771888 0.843567 0.643543 0.586891 0.629366 0.667817 0.862048 0.697740 0.547393 0.400814 0.222154 0.270497 0.263307 0.496890 0.621882 0.643049 0.753007 0.881801
 1.33569 1.00940 2.58558 1.60340 0.585330 1.74402 1.22773 1.01400 0.443709 0.379895 0.605685 1.45959 1.00098 1.28435 2.62424 2.14620 1.41308 0.976818 0.807571 2.44121 0.964859 1.08485 1.06837 1.67335 1.73908 1.90173 1.26834 2.35656 1.15149 2.58435 5.00408 0.457027 1.34805 2.17920 0.298584 0.592052 0.741593 0.319541 0.632291 2.84294 1.55552 0.719094
 1.51850 3.01789 3.27844 4.29737 6.20717 4.07433 4.32910 6.80148 3.60464 5.28349 6.22446 2.04411 1.42273 3.70888 4.39967 5.36376 3.40268 3.27267 3.50938 3.44003 2.08619 4.38069 2.21555 3.25702 5.86821 3.49462 6.60306 3.06799 4.87463 5.41116 5.00408 0.898426 0.627066 0.677764 0.704175 0.225986 0.230288 0.0653218 0.758669 0.282514 0.247570 0.0290764
 0.753133 0.697699 0.517104 0.578084 0.633162 0.615580 0.540033 0.676176 0.608971 0.775469 0.838937 0.510565 0.642407 0.425108 0.398102 0.511492 0.797315 0.579732 0.658423 0.702926 0.338184 0.317844 0.296102 0.263112 0.392397 0.285457 0.104892 0.206340 5.00408 0.648794 5.00408 1.04060 5.00408 0.484836 0.349815 0.960285 0.0595903 0.0868428 1.04870 1.11990 0.773705 0.936591
 2.39300 1.79131 1.83593 1.80463 2.09165 2.14850 2.19514 1.64778 2.62474 1.56921 1.59212 2.71736 0.474813 0.598491 0.235258 1.86013 1.81640 0.952358 1.54737 1.41647 1.88087 5.00408 0.925157 1.51075 1.16960 1.48900 1.80166 1.94672 1.98269 1.68258 1.14821 1.65292 0.979763 1.56826 0.699835 0.716405 1.04756 0.712415 0.490077 0.239620 1.20400 2.17920
 1.16068 0.939846 1.02161 0.938177 1.39937 1.09019 1.12478 1.22295 1.17980 1.21890 1.09229 1.34387 1.37090 1.43181 1.29134 5.00408 1.18870 1.24876 1.22368 1.22139 1.10149 1.30768 1.58148 1.34553 1.39237 1.04410 1.27303 1.23915 5.00408 0.715420 0.681226 0.645984 0.592637 0.448597 0.468389 0.400994 0.435798 0.404284 0.319459 0.303661 0.297228 0.285000
 1.01251 0.945890 0.851512 1.04897 1.03393 1.04545 1.04070 1.17287 1.10527 1.26167 1.19456 1.34183 1.08554 1.09741 0.896484 5.00408 1.10643 1.08301 1.19271 1.27171 1.16721 1.63149 1.37437 1.46096 1.31263 1.48774 1.24611 1.22132 1.20660 1.19527 1.29966 1.09812 1.09521 0.924985 1.05744 1.14922 0.965486 1.02719 0.875210 0.767913 0.619199 0.582993
# F_y_spline:












# F_q_ini[1]:
 1.00000 1.00000 1.00000
# F_q_ini[2]:
 1.00000 1.00000 1.00000
# F_q_ini[3]:
 1.00000 1.00000 1.00000
# F_q_ini[4]:
 1.00000 1.00000 1.00000
# F_q_ini[5]:
 1.00000 1.00000 1.00000
# F_q_ini[6]:
 1.00000 1.00000 1.00000
# F_q_ini[7]:
 1.00000 1.00000 1.00000
# F_q_ini[8]:
 1.00000 1.00000 1.00000
# F_q_ini[9]:
 1.00000 1.00000 1.00000
# F_q_ini[10]:
 1.00000 1.00000 1.00000
# F_q_ini[11]:
 1.00000 1.00000 1.00000
# F_q_ini[12]:
 1.00000 1.00000 1.00000
# F_q_ini[13]:
 1.00000
# F_q_ini[14]:
 1.00000
# F_q_ini[15]:
 1.00000
# F_q_ini[16]:
 1.00000 1.00000 1.00000
# F_q_ini[17]:
 1.00000 1.00000 1.00000
# F_q_ini[18]:
 1.00000 1.00000 1.00000
# F_q_ini[19]:
 1.00000 1.00000 1.00000
# F_q_ini[20]:
 1.00000 1.00000 1.00000
# F_q_ini[21]:
 1.00000 1.00000 1.00000
# F_q_ini[22]:
 1.00000 1.00000 1.00000
# F_q_ini[23]:
 1.00000 1.00000 1.00000
# F_q_ini[24]:
 1.00000 1.00000 1.00000
# F_q_ini[25]:
 1.00000
# F_q_ini[26]:
 1.00000
# F_q_ini[27]:
 1.00000
# F_q_ini[28]:
 1.00000 1.00000 1.00000
# F_q_ini[29]:
 1.00000 1.00000 1.00000
# F_q_ini[30]:
 1.00000 1.00000 1.00000
# F_q_ini[31]:
 1.00000 1.00000 1.00000
# F_q_ini[32]:
 1.00000 1.00000 1.00000
# F_q_ini[33]:
 1.00000 1.00000 1.00000
# F_q_ini[34]:
 1.00000 1.00000 1.00000
# F_q_ini[35]:
 1.00000 1.00000 1.00000
# F_q_ini[36]:
 1.00000 1.00000 1.00000
# F_q_ini[37]:
 1.00000 1.00000 1.00000
# F_q_ini[38]:
 1.00000 1.00000 1.00000
# F_q_ini[39]:
 1.00000 1.00000 1.00000
# F_q_ini[40]:
 1.00000 1.00000 1.00000
# F_q_ini[41]:
 1.00000 1.00000 1.00000
# F_q_ini[42]:
 1.00000 1.00000 1.00000
# F_q_ini[43]:
 1.00000 1.00000 1.00000
# F_q_ini[44]:
 1.00000 1.00000 1.00000
# F_q_ini[45]:
 1.00000 1.00000 1.00000
# F_q_ini[46]:
 1.00000 1.00000 1.00000
# F_q_ini[47]:
 0.635697
# F_q_ini[48]:
 0.559194
# F_q_ini[49]:
 1.18814
# F_q_ini[50]:
 0.582790
# F_q_ini[51]:
 0.190605 0.198600 0.408708
# F_q_ini[52]:
 0.0360748 0.0176321 0.0386312
# F_q_ini[53]:
 0.0843496 0.0947470 0.247713
# F_q_ini[54]:
 0.0755809 0.128267 0.331684
# F_q_ini[57]:
 3.53445
# F_q_ini[58]:
 2.59983
# F_q_ini[59]:
 4.40364
# F_q_ini[60]:
 7.12971
# F_q_ini[63]:
 3.31046
# F_q_ini[64]:
 5.03132
# F_q_ini[65]:
 3.27969
# F_q_ini[66]:
 7.21513
# F_q_ini[67]:
 0.0247839
# F_q_ini[68]:
 0.0399099
# F_q_ini[69]:
 0.0584308 0.0500240 0.172461
# F_q_ini[70]:
 0.00319600 0.0172775 0.121823
# F_q_ini[71]:
 0.0973520 0.136460 0.171022
# F_q_ini[72]:
 0.0163995 0.0351988 0.0704722
# F_q_ini[73]:
 0.0118397 0.00572796 0.252850
# F_q_ini[74]:
 0.00433969 0.00176535 0.137678
# F_q_ini[75]:
 0.0482020 0.0158287 0.133054
# F_q_ini[76]:
 0.0126438 0.00395600 0.0792699
# F_q_ini[77]:
 0.0657587 0.0216282 0.0796543
# F_q_ini[78]:
 0.0134604 0.00429482 0.0531620
# F_q_ini[79]:
 1.00000 1.00000 1.00000
# F_q_ini[80]:
 1.00000 1.00000 1.00000
# F_q_ini[81]:
 1.00000 1.00000 1.00000
# F_q_ini[82]:
 1.00000 1.00000 1.00000
# F_q_ini[83]:
 1.00000 1.00000 1.00000
# F_q_ini[84]:
 1.00000 1.00000 1.00000
# F_q_ini[85]:
 1.00000 1.00000 1.00000
# F_q_ini[86]:
 1.00000 1.00000 1.00000
# log_F_a_ini:
 -1.09199 -1.81846 -2.37115
 -0.224255 -0.321213 -0.825091
 -0.223544 -0.0476538 -0.246600
 -0.405933 -0.134329 -0.274955
 -0.501390 -0.146824 -0.165496
 -0.494607 -0.194975 -0.0956840
 -0.452446 -0.177130 -0.227377
 -0.499177 -0.160734 -0.309641
 -0.406427 -0.140204 -0.844376
 -3.52647 -3.89006 -7.32295
 -1.71470 -1.82594 -2.91431
 -0.802010 -1.01884 -1.72713
 -0.255312 -0.628506 -1.33530
 -0.0512884 -0.394170 -1.00837
 -0.0217995 -0.235997 -0.700868
 0.267142 -0.168276 -0.652014
 -3.53107 -4.22396 -4.82207
 -1.80675 -1.89219 -1.91134
 -0.563027 -0.496201 -0.536820
 -0.0843284 -0.138703 0.0435519
 -0.118598 -0.110247 0.261047
 -0.201667 -0.192631 0.315459
 -0.237672 -0.409351 0.385020
 -0.262884 -0.274178 0.524499
 -0.850900 -1.62803
 -0.625521 -0.761436
 -0.707259 -0.517675
 -0.851914 -0.552006
 -0.932703 -0.652439
 -1.02414 -0.727287
 -3.74795 -3.39959 -3.98473
 -3.21612 -2.56161 -2.81328
 -2.69714 -2.04526 -1.84192
 -2.15982 -1.68735 -1.33076
 -2.13801 -1.53769 -0.969889
 -2.06998 -1.46689 -0.716825
 -2.02275 -1.28450 -0.450593
 -1.67920 -2.35945 -2.43986 -2.48453
 -0.831315 -1.18727 -1.20996 -2.12910
 -0.126068 -2.06090 -0.808264 -1.28981
 -0.225789 -2.12058 -0.688354 -0.846424
 -0.483048 -1.71495 -0.585551 -0.578599
 -0.474707 -2.16849 -0.566655 -0.195369
 -3.67622 -7.03878
 -2.72309 -2.96110
 -2.56557 -3.28602
 -2.56628 -2.72111
 -6.32347 -7.28634
 -3.58624 -2.12379
 -3.02838 -1.82289
 -2.85775 -1.88400
 -2.19469 -5.00399
 0.750545 -0.634890
 1.79247 1.18309
 -0.581710 0.233994
 0.632779 1.13950
 -1.50460 -2.16368 -1.26476
 -0.849404 -0.865987 -0.294749
 -0.768350 -0.694736 -0.289370
 -0.697718 -0.579452 -0.241327
 -0.705926 -0.476283 -0.289990
 -0.823046 -0.483800 -0.466092
 -1.05419 -0.774282 -1.09404
 -1.60273 -1.66701
 -0.570575 -0.822303
 -0.523865 -0.638668
 -0.719852 -0.612243
 -0.788534 -0.714287
 -1.01802 -0.826415
# qq_ini:
 0.870546 3.57101 6.69960 8.98774
 1.52804 2.45853 3.95559 4.74189
 0.0779980 0.262852 0.294954 0.228286
 0.192482 0.623139 0.666129 0.569649
 0.0582607 0.509573 0.540509 0.458267 0.396908
 0.224560 0.615811
 0.119683 0.487216 0.546692
 5.80225 4.67933
 1.03581
 0.567467 0.699058 0.816281 0.736789 0.656263 0.439449
 1.13565
 0.913122 1.01302 1.29725
 20.9313 10.7485 5.54751
 0.406884
 4.69110 4.28242 4.71101
 0.673646 0.938150 0.769519
 1.18898 2.31573 3.46589
 1.86966
 1.48565 4.01122 5.13960
 13.9044 6.64908 2.80860
 0.392621 0.896222 1.03973
 0.840088 0.756108 0.927263
 1.47140 2.20990 2.50286
 0.499190 1.08484 1.23267
 0.0909062 1.06441 2.96915 5.83010
 0.281115 2.54506 3.16598
 0.737562 2.10269 5.31627
 0.360453 1.91568 2.26425
 0.236061 0.821314 1.58998
 0.922033 1.80777 1.80346
 1.41739 3.61143
 2.80481 2.61417 1.22022 0.281054
 6.17566 5.73061 4.12059 2.68213
 32.5162 17.3795 5.23817 1.39297 0.319864
 14.9907 3.62981 1.41404 0.527258
 2.74391 8.15999 13.8177
 1.47024 8.36454 15.7543
 1.36899 1.44426 0.938212 0.518766
 20.3076 8.25883 3.07949
# qq_s2_ini:
 0.306973 0.0982945
 0.221636 0.130627
 0.173174 0.186235
 0.157207 0.103830
 0.455523 0.143342 0.0802210
 0.254316
 0.273342 0.0783612 0.260265
 0.926885 0.464451
 0.0482378
 0.797430 0.359334
 0.151740
 0.192727 0.0828018 0.138155
 0.0982433 0.724176
 0.208544
 0.435532 0.336621
 0.376562
 0.616062 0.301604
 1.48045
 0.605196 0.438725
 0.240963 0.711650
 0.339856 0.185280
 0.0400000
 0.0400000
 0.239048
 1.25481 0.223772 1.37353
 0.921525 0.138453 0.403348
 0.296422 0.353652
 0.385875 0.207380
 0.388328
 0.164036 0.218146
 0.590744 0.402965 0.747388
 0.236969 0.418983 0.401883
 0.102461 0.127519 0.208947
 0.178599 0.832011 1.40272
 0.117133 0.528512 1.66544
 0.206067 0.106836 0.130675
 0.110357 0.0648883 0.168135
 0.277544 0.164857 0.365488 1.44246
 0.300287 0.349455 1.62433
# SSB_R_alfa:
 4.90752 4.43515 3.70400 2.83536 15.2427 58.6821 2310.67 1306.69 1452.86 6.89760 6.06778 7.22394
# SSB_R_beta_ini:
 0.447952 0.0881443 0.388369 2.54905 4.44948 1.61051 2.55441
# catch_s2_ini[16]:
 0.391316 0.0211574 0.0527216 0.190227
# catch_s2_ini[17]:
 1.31543 0.232267 0.0389861 0.0971453
# catch_s2_ini[18]:
 0.633486 0.219527 0.0510276 0.135623 0.392432
# catch_s2_ini[19]:
 0.204052 0.0387684 0.0649473
# catch_s2_ini[20]:
 0.156995 0.171772 0.0414572
# catch_s2_ini[21]:
 1.00500 0.805171 1.82415
 1.00500 0.422497 0.621799
 0.514244 0.413492 0.365344
 0.818972 0.306856 1.14530
# catch_s2_ini[22]:
 1.00500 1.00500 1.00500
 1.00500 0.305962 1.42021
 1.83318 1.75081 1.27368
 1.00500 1.00500 1.00500
# catch_s2_ini[23]:
 1.00500 1.00500
 1.00500 0.199144
 2.00000 1.17323
 1.00500 1.00500
# catch_s2_ini[24]:
 1.00500 0.500701 0.913420
 1.00500 0.469508 1.08371
 2.00000 0.399916 1.28356
 1.50016 0.531019 0.940833
# catch_s2_ini[25]:
 1.95311 2.00000 2.00000
 2.00000 1.18954 2.00000
 1.03934 1.03293 1.39860
 0.718485 0.722130 2.00000
# catch_s2_ini[26]:
 0.152515 0.0243327 0.0569934
# catch_s2_ini[27]:
 0.172483 0.0303162
# SSB_R_s2_ini:
 0.243436 0.110350 1.03927 0.163510 0.202078 0.275346 0.551008 0.403811 0.245275 0.259540 0.101954 0.317760
# vulnera:
 3.08310 0.861802 21.6094 0.0386239 0.0253863 0.0195622 0.0431312 0.0958826 2.74022 6.25397 2.30275 2.40622 1.86067 4.15746 0.0435856 0.104370 0.0449586 0.00128775 0.00121932 0.00123557 0.00542600 0.00589201 61.4248 16.5974 18.6178 0.977704 1.33418 1.02789 7.14239 6.61358 4.39321 4.83737 0.106538 0.983398 0.754971 0.361188 0.619135 26.0051 1.68836 0.601793 0.500158 7.80506 2.63016 0.853818 0.656601 0.581214 0.0814002 3.76297 0.319410 0.246571 0.0284219 1.36250 117.186 22.1526 2.47920 1.13060 2.62041 40.0165 5.87199 7.66982 1.04995 0.691734 1.08767 1.11756 1.82023 0.282261 5.61934 1.95451 0.0824349 0.0544076 0.0559822 2.62554 0.565902 0.936998 0.0203905 4.12057 0.107369 7.40161 3.54033 0.320886 0.329523 0.129929 0.133905 4.29296 0.0700290 1.52825 3.29336 0.929382 1.63684 0.219025 0.154667 0.0856230 0.414340 0.340167 2.92376 1.40445 2.00715 0.298325 0.137795 0.0690242 0.505941 0.534361 5.03771 2.40521 0.756024 1.92699 0.286182 0.400963 1.58327 1.44495 0.573550 0.806609 0.669132 1.94221
# init_stl_other_suit_slope:
 0.436329 -0.443011 -0.0614737 -0.290051 -0.441876
# init_pref_size_ratio[1]:
1.00000000000
# init_season_overlap:
 2.06871571353 2.66799615520 1.36419152294 1.72752724162 1.58851280008 2.36458754150 2.07166929545
# Stom_var[1]:
1.49154271309
# Stom_var[2]:
0.213773430722
# Stom_var[3]:
1.48612939541
# Stom_var[4]:
0.431177673062
# Stom_var[5]:
2.01999947594
# Stom_var[6]:
0.795631258202
# Stom_var[7]:
0.497873823783
# Stom_var[8]:
0.413118791642
# Stom_var[9]:
0.164321137496
# Stom_var[10]:
0.195427100208
# Stom_var[11]:
0.220550254590
# Stom_var[12]:
0.412066613224
# Stom_var[13]:
0.490699288271
# Stom_var[14]:
0.245903198738
# Stom_var[15]:
0.000455812762946
# Stom_var[16]:
0.474178320335
# Stom_var[17]:
0.176203992258
# Stom_var[18]:
0.200521606133
# Stom_var[19]:
0.316994487594
# Stom_var[20]:
0.185583407531
